0
0
0
1
1
2
3
4
4
5
7
8
9
12
14
15
15
16
17
18
19
20
20
21
23
24
25
26
27
27
28
28
28
29
30
31
32
32
34
34
35
36
36
37
38
39
39
41
42
45
45
45
47
47
49
49
51
51
52
53
53
55
56
57
60
65
66
67
68
69
70
71
72
73
73
74
77
78
78
79
80
80
80
81
84
85
85
85
86
88
90
93
98
98
99
99
102
103
104
104
105
105
106
106
107
108
108
108
109
109
110
110
110
112
112
115
115
115
116
116
118
124
124
125
129
129
130
131
132
132
135
136
137
137
137
138
138
138
140
140
141
141
143
144
144
145
145
147
147
148
150
151
152
154
156
156
156
158
159
159
160
162
163
163
167
169
170
171
171
171
172
172
173
173
173
173
174
175
176
177
178
179
180
182
182
182
185
185
186
190
191
191
193
196
196
197
199
200
201
202
202
203
204
204
205
206
207
208
215
216
219
220
222
223
223
224
225
225
226
226
227
227
227
228
228
229
229
232
235
235
235
236
238
241
241
241
243
244
247
248
250
252
252
253
253
253
257
257
257
257
258
259
260
260
261
262
262
262
264
265
265
266
270
270
272
272
273
275
275
275
276
276
277
278
278
278
279
279
280
281
281
282
284
285
285
285
286
287
290
291
292
292
293
294
295
297
298
299
300
302
303
304
304
307
307
308
310
311
311
311
313
315
316
319
320
321
321
322
324
324
324
324
325
327
329
329
332
332
334
335
337
338
339
339
339
339
343
343
344
345
345
347
347
350
350
351
351
352
353
354
355
355
356
356
356
357
358
359
360
360
366
368
368
368
370
370
372
374
374
375
376
377
378
378
381
382
382
384
385
385
389
390
392
392
393
394
396
396
396
396
398
400
400
402
403
405
406
406
408
408
409
409
411
411
413
415
418
421
421
422
423
424
425
426
428
429
432
433
433
435
436
436
437
438
438
439
439
440
443
443
445
446
447
447
447
448
449
449
450
450
451
451
451
452
453
453
453
453
453
453
453
454
456
456
456
456
457
457
457
457
457
458
458
460
461
463
463
465
467
467
467
468
468
470
472
472
473
475
476
478
478
480
480
481
481
483
483
485
487
487
488
488
489
490
490
491
491
491
492
494
494
495
495
496
496
498
498
498
500
503
503
503
503
503
506
506
507
508
514
515
517
519
521
523
525
525
526
527
529
529
530
533
534
534
534
535
535
535
537
538
538
539
539
540
541
541
542
542
542
545
547
547
549
549
551
552
553
554
554
554
555
555
556
557
558
559
559
560
560
561
561
561
562
563
563
563
564
565
565
566
567
573
574
574
576
576
576
576
576
577
577
577
580
580
580
581
581
582
583
583
584
587
588
588
588
589
589
592
593
594
596
596
596
597
599
600
601
603
604
604
604
606
609
609
609
612
612
613
613
613
614
615
615
616
618
618
619
620
620
620
620
623
624
624
624
629
629
630
634
635
635
635
638
638
639
641
642
642
643
643
645
645
645
646
646
647
648
648
650
651
654
654
655
655
657
657
657
659
659
663
666
668
670
672
673
674
675
678
679
679
680
682
683
683
684
685
686
686
687
688
690
690
691
692
693
693
693
694
696
698
699
699
700
700
700
703
704
705
705
706
706
708
708
709
709
711
712
714
715
715
716
716
716
718
718
721
722
722
722
723
726
728
734
734
734
735
735
735
736
736
736
737
737
737
738
739
741
742
746
747
748
749
751
753
754
756
757
758
758
758
759
760
761
761
761
764
765
765
766
766
766
767
768
770
770
772
773
774
776
776
777
779
781
782
784
784
784
785
786
788
788
791
791
792
792
793
794
797
798
798
798
804
806
808
809
810
810
811
815
815
815
816
816
816
818
818
818
820
821
822
823
824
825
827
827
829
830
830
830
831
831
832
833
834
836
836
836
838
838
839
842
842
842
843
844
845
845
845
848
848
849
849
849
851
852
855
855
857
860
860
861
865
867
867
869
869
871
873
873
875
878
878
879
880
880
881
882
883
883
884
887
887
888
888
888
889
889
889
891
891
892
892
893
893
893
894
895
895
898
898
899
900
902
902
903
904
904
904
905
908
910
910
911
911
916
917
917
918
920
921
922
923
924
925
927
927
935
935
937
938
939
942
942
943
943
943
945
946
946
952
954
955
956
956
957
957
958
959
959
961
962
963
963
965
965
966
967
969
969
970
972
973
973
974
974
974
975
975
975
975
976
977
977
978
980
984
987
987
988
991
991
993
993
994
994
995
996
996
997
999
